obsFrequencies = [ 0, 0, 0, 0, 0, 0, 0, 0, 0, 0, 0, 0, 0, 0, 0, 0, 0, 0, 57, 374, 620, 881, 1001, 1155, 1213, 1295, 1244, 1170, 1089, 881, 669, 355, 53, 0, 0, 0, 0, 0, 0, 0, 0, 0, 0, 0, 0, 0, 0, 0, 0, 0, 0; 0, 0, 0, 0, 0, 0, 0, 0, 0, 0, 0, 0, 0, 0, 0, 37, 491, 890, 1230, 1239, 1297, 1240, 1307, 1262, 1269, 1199, 1242, 1259, 1223, 1260, 1339, 1277, 1180, 868, 463, 55, 0, 0, 0, 0, 0, 0, 0, 0, 0, 0, 0, 0, 0, 0, 0; 0, 0, 0, 0, 0, 0, 0, 0, 0, 0, 0, 0, 0, 76, 645, 1225, 1223, 1365, 1311, 1283, 1213, 1314, 1281, 1305, 1301, 1267, 1310, 1229, 1310, 1218, 1251, 1210, 1328, 1224, 1181, 1237, 665, 90, 0, 0, 0, 0, 0, 0, 0, 0, 0, 0, 0, 0, 0; 0, 0, 0, 0, 0, 0, 0, 0, 0, 0, 0, 23, 598, 1226, 1257, 1290, 1333, 1299, 1275, 1250, 1285, 1326, 1300, 1323, 1278, 1266, 1252, 1251, 1307, 1302, 1217, 1287, 1220, 1333, 1297, 1280, 1287, 1222, 561, 16, 0, 0, 0, 0, 0, 0, 0, 0, 0, 0, 0; 0, 0, 0, 0, 0, 0, 0, 0, 0, 0, 191, 1058, 1289, 1262, 1309, 1308, 1304, 1257, 1280, 1230, 1204, 1255, 1330, 1259, 1328, 1279, 1273, 1253, 1312, 1317, 1313, 1307, 1260, 1285, 1222, 1211, 1293, 1241, 1265, 1065, 196, 0, 0, 0, 0, 0, 0, 0, 0, 0, 0; 0, 0, 0, 0, 0, 0, 0, 0, 0, 417, 1236, 1341, 1240, 1275, 1262, 1224, 1273, 1267, 1257, 1259, 1292, 1232, 1191, 1225, 1308, 1285, 1260, 1313, 1311, 1333, 1238, 1336, 1249, 1259, 1254, 1236, 1301, 1270, 1336, 1305, 1168, 431, 0, 0, 0, 0, 0, 0, 0, 0, 0; 0, 0, 0, 0, 0, 0, 0, 2, 621, 1262, 1316, 1306, 1262, 1325, 1277, 1245, 1290, 1240, 1321, 1268, 1276, 1255, 1328, 1311, 1284, 1304, 1236, 1277, 1246, 1320, 1251, 1288, 1270, 1297, 1294, 1287, 1247, 1265, 1265, 1323, 1229, 1232, 636, 3, 0, 0, 0, 0, 0, 0, 0; 0, 0, 0, 0, 0, 0, 1, 706, 1235, 1253, 1258, 1285, 1290, 1320, 1200, 1270, 1277, 1285, 1311, 1222, 1300, 1219, 1284, 1237, 1287, 1200, 1207, 1301, 1340, 1192, 1295, 1283, 1286, 1271, 1236, 1264, 1304, 1284, 1299, 1249, 1249, 1296, 1191, 695, 4, 0, 0, 0, 0, 0, 0; 0, 0, 0, 0, 0, 0, 657, 1266, 1278, 1295, 1259, 1267, 1247, 1296, 1300, 1294, 1285, 1275, 1303, 1301, 1263, 1287, 1296, 1349, 1225, 1242, 1263, 1240, 1262, 1289, 1256, 1232, 1213, 1313, 1296, 1292, 1325, 1291, 1268, 1256, 1307, 1188, 1290, 1277, 597, 0, 0, 0, 0, 0, 0; 0, 0, 0, 0, 0, 437, 1287, 1302, 1290, 1267, 1254, 1260, 1280, 1235, 1312, 1265, 1292, 1305, 1216, 1266, 1293, 1281, 1268, 1274, 1257, 1251, 1269, 1258, 1234, 1318, 1248, 1300, 1248, 1280, 1296, 1306, 1329, 1322, 1297, 1269, 1289, 1271, 1252, 1248, 1234, 473, 0, 0, 0, 0, 0; 0, 0, 0, 0, 208, 1261, 1284, 1254, 1230, 1310, 1264, 1242, 1216, 1262, 1297, 1292, 1266, 1275, 1232, 1248, 1201, 1272, 1256, 1351, 1219, 1296, 1248, 1223, 1261, 1289, 1285, 1281, 1290, 1280, 1323, 1219, 1310, 1210, 1239, 1229, 1272, 1280, 1234, 1247, 1245, 1193, 214, 0, 0, 0, 0; 0, 0, 0, 13, 1057, 1290, 1250, 1246, 1313, 1218, 1270, 1235, 1355, 1242, 1255, 1211, 1275, 1224, 1252, 1250, 1254, 1308, 1207, 1268, 1226, 1312, 1222, 1324, 1273, 1276, 1341, 1296, 1232, 1230, 1296, 1250, 1328, 1254, 1192, 1336, 1270, 1320, 1325, 1258, 1299, 1297, 964, 17, 0, 0, 0; 0, 0, 0, 544, 1220, 1233, 1275, 1261, 1278, 1253, 1259, 1263, 1232, 1247, 1240, 1310, 1272, 1226, 1275, 1300, 1252, 1232, 1288, 1239, 1262, 1247, 1266, 1265, 1251, 1247, 1219, 1300, 1263, 1284, 1286, 1261, 1241, 1270, 1312, 1259, 1296, 1223, 1275, 1247, 1176, 1281, 1242, 557, 0, 0, 0; 0, 0, 77, 1211, 1266, 1333, 1298, 1227, 1295, 1249, 1254, 1288, 1251, 1298, 1244, 1241, 1245, 1254, 1255, 1253, 1286, 1269, 1258, 1347, 1268, 1249, 1223, 1234, 1286, 1259, 1275, 1303, 1258, 1264, 1241, 1341, 1224, 1289, 1351, 1278, 1289, 1334, 1275, 1305, 1314, 1219, 1268, 1184, 69, 0, 0; 0, 0, 647, 1263, 1268, 1276, 1191, 1276, 1283, 1287, 1251, 1324, 1230, 1233, 1308, 1292, 1269, 1269, 1270, 1256, 1292, 1247, 1299, 1292, 1259, 1251, 1235, 1207, 1290, 1352, 1233, 1307, 1315, 1269, 1298, 1324, 1281, 1326, 1278, 1230, 1276, 1304, 1187, 1239, 1252, 1289, 1246, 1225, 653, 0, 0; 0, 41, 1212, 1297, 1251, 1311, 1257, 1261, 1250, 1322, 1291, 1246, 1329, 1276, 1273, 1346, 1272, 1285, 1253, 1245, 1295, 1262, 1257, 1233, 1295, 1214, 1301, 1269, 1246, 1336, 1284, 1256, 1341, 1314, 1301, 1210, 1285, 1302, 1284, 1290, 1324, 1306, 1286, 1221, 1253, 1285, 1271, 1278, 1111, 38, 0; 0, 438, 1263, 1294, 1336, 1257, 1257, 1242, 1266, 1320, 1218, 1312, 1205, 1278, 1231, 1298, 1263, 1289, 1276, 1259, 1230, 1229, 1330, 1268, 1291, 1246, 1278, 1249, 1286, 1286, 1249, 1285, 1233, 1255, 1303, 1204, 1320, 1325, 1288, 1287, 1283, 1259, 1231, 1289, 1246, 1293, 1297, 1266, 1344, 485, 0; 0, 881, 1229, 1305, 1230, 1243, 1250, 1326, 1261, 1290, 1309, 1287, 1278, 1244, 1284, 1284, 1268, 1276, 1309, 1245, 1219, 1230, 1283, 1267, 1321, 1349, 1274, 1277, 1233, 1292, 1344, 1284, 1328, 1273, 1272, 1239, 1240, 1226, 1382, 1311, 1288, 1286, 1321, 1258, 1268, 1272, 1255, 1265, 1266, 858, 0; 53, 1230, 1304, 1266, 1270, 1295, 1224, 1265, 1312, 1284, 1276, 1250, 1323, 1215, 1312, 1257, 1272, 1213, 1266, 1281, 1278, 1225, 1218, 1298, 1238, 1223, 1243, 1293, 1305, 1294, 1251, 1307, 1259, 1287, 1292, 1242, 1201, 1292, 1245, 1223, 1315, 1298, 1258, 1268, 1318, 1304, 1268, 1247, 1285, 1256, 53; 379, 1272, 1301, 1273, 1295, 1336, 1320, 1264, 1326, 1218, 1242, 1346, 1253, 1251, 1254, 1246, 1280, 1289, 1251, 1338, 1284, 1292, 1296, 1258, 1272, 1211, 1357, 1317, 1240, 1271, 1207, 1257, 1306, 1237, 1234, 1305, 1216, 1325, 1258, 1309, 1255, 1220, 1292, 1276, 1259, 1325, 1248, 1289, 1279, 1298, 367; 632, 1266, 1267, 1232, 1292, 1255, 1279, 1307, 1274, 1303, 1261, 1293, 1256, 1303, 1224, 1286, 1296, 1206, 1227, 1262, 1299, 1211, 1261, 1267, 1291, 1245, 1290, 1301, 1291, 1312, 1265, 1261, 1258, 1248, 1266, 1275, 1268, 1352, 1239, 1291, 1260, 1269, 1272, 1216, 1245, 1227, 1197, 1273, 1223, 1286, 652; 907, 1215, 1306, 1260, 1297, 1332, 1209, 1282, 1242, 1228, 1235, 1294, 1278, 1274, 1312, 1238, 1267, 1264, 1269, 1346, 1364, 1219, 1324, 1278, 1296, 1292, 1254, 1291, 1349, 1232, 1269, 1276, 1283, 1301, 1268, 1264, 1279, 1233, 1250, 1283, 1289, 1348, 1264, 1286, 1216, 1290, 1318, 1315, 1309, 1322, 855; 1069, 1219, 1296, 1327, 1258, 1292, 1322, 1223, 1317, 1371, 1257, 1287, 1215, 1244, 1269, 1305, 1345, 1257, 1241, 1297, 1346, 1264, 1351, 1286, 1300, 1287, 1295, 1259, 1247, 1287, 1228, 1279, 1281, 1275, 1272, 1309, 1324, 1317, 1268, 1336, 1288, 1247, 1255, 1267, 1316, 1288, 1231, 1346, 1257, 1305, 1095; 1140, 1331, 1267, 1260, 1284, 1265, 1318, 1314, 1301, 1257, 1229, 1233, 1246, 1336, 1241, 1263, 1345, 1259, 1214, 1287, 1230, 1305, 1265, 1299, 1282, 1231, 1234, 1254, 1320, 1287, 1299, 1230, 1303, 1307, 1254, 1273, 1260, 1242, 1338, 1334, 1293, 1277, 1306, 1243, 1248, 1328, 1322, 1262, 1231, 1298, 1234; 1291, 1263, 1353, 1304, 1281, 1323, 1252, 1217, 1240, 1289, 1271, 1264, 1249, 1214, 1293, 1233, 1275, 1228, 1264, 1268, 1252, 1309, 1223, 1284, 1302, 1245, 1277, 1292, 1335, 1300, 1258, 1205, 1275, 1196, 1232, 1258, 1246, 1245, 1261, 1277, 1284, 1221, 1293, 1232, 1300, 1288, 1287, 1259, 1217, 1254, 1208; 1227, 1222, 1278, 1261, 1230, 1192, 1218, 1282, 1273, 1315, 1314, 1348, 1265, 1340, 1333, 1276, 1315, 1273, 1255, 1292, 1236, 1278, 1251, 1261, 1241, 1218, 1261, 1290, 1302, 1238, 1300, 1237, 1352, 1349, 1284, 1236, 1241, 1263, 1236, 1312, 1198, 1292, 1266, 1320, 1265, 1264, 1259, 1225, 1310, 1255, 1257; 1262, 1353, 1230, 1231, 1288, 1286, 1279, 1232, 1335, 1266, 1251, 1268, 1296, 1353, 1300, 1203, 1261, 1289, 1307, 1281, 1346, 1259, 1264, 1361, 1275, 1240, 1305, 1263, 1285, 1344, 1257, 1336, 1263, 1293, 1271, 1248, 1264, 1322, 1275, 1291, 1299, 1280, 1257, 1299, 1287, 1253, 1320, 1289, 1266, 1288, 1231; 1174, 1239, 1349, 1196, 1232, 1313, 1272, 1303, 1281, 1282, 1340, 1268, 1256, 1289, 1297, 1285, 1286, 1261, 1235, 1262, 1295, 1290, 1332, 1250, 1206, 1303, 1285, 1246, 1221, 1240, 1231, 1298, 1298, 1277, 1274, 1275, 1208, 1197, 1299, 1256, 1274, 1282, 1230, 1234, 1270, 1330, 1214, 1305, 1243, 1208, 1174; 1065, 1256, 1294, 1295, 1277, 1303, 1248, 1228, 1331, 1212, 1283, 1245, 1218, 1264, 1294, 1322, 1274, 1300, 1324, 1268, 1417, 1261, 1274, 1258, 1265, 1264, 1284, 1269, 1274, 1259, 1256, 1276, 1361, 